0,484
0,483
0,482
0,481
0,480
0,479
0,478
0,477
0,476
0,475
0,474
0,473
0,472
0,471
0,243
0,470
0,469
0,468
60,5
60,4
60,3
60,2
0,467
60,1
60,0
0,466
0,465
0,464
0,463
0,462
0,461
0,460
0,459
0,458
59,4
59,3
59,2
59,1
59,0
58,3
58,2
58,1
58,0
57,3
57,2
57,1
57,0
56,3
56,2
56,1
56,0
0,457
0,456
0,455
0,454
55,5
55,4
55,3
55,2
55,1
55,0
0,453
0,452
0,386
0,273
0,270
54,4
54,3
54,2
54,1
54,0
53,3
53,2
53,1
53,0
52,3
52,2
52,1
52,0
51,3
51,2
51,1
51,0
0,278
0,9
3,2
3,1
3,3
10,203
10,123
10,167
10,67
10,75
10,77
10,259
10,1
10,85
10,2
10,3
11,11
11,28
11,8
11,10
11,23
11,1
11,26
11,2
11,3
9,7
9,1
9,5
9,2
9,3
8,5
8,14
8,11
8,9
